10026
10032
10044
10104
10107
10138
10145
10252
10258
10308
10318
10355
10382
10397
10463
10501
10514
10517
10530
10606
10645
10649
10696
10777
10781
10812
10860
10866
10874
10892
10901
10932
10933
11006
11018
11144
11154
11208
11267
11285
11292
11293
11308
11368
11369
11397
11404
11442
11481
11533
11547
11581
11587
11593
11618
11654
11674
11691
11701
11731
11752
11775
11786
11790
11809
11850
11884
11955
11995
12036
12052
12060
12062
12068
12189
12209
12211
12490
12570
12781
13688
13777
13856
13901
13928
13936
14008
14526
14541
14593
14795
14816
15069
15070
15202
15203
15318
15456
15457
15537
15579
15720
16126
16548
16555
16600
16678
17005
17137
17144
17478
17743
17778
17830
17929
18075
18091
18163
18411
18438
18542
18649
19166
19271
19350
19393
19502
19721
20204
20482
20512
20618
20750
21207
21371
21573
21742
21776
21792
21928
21936
22103
22111
22293
22509
22517
22592
22752
23026
23182
23229
23393
23536
23579
23660
23712
23819
23835
23931
24010
24053
24109
24205
24248
24272
24328
24440
24766
24969
24985
25081
25129
25232
25304
25320
25419
25452
25487
25582
25590
25953
26084
26201
26403
26614
26825
27334
27562
27618
27633
27684
27887
27888
27909
27959
27983
27991
28118
28222
28345
28484
28564
28804
29209
29612
29946
30509
30648
30680
30681
30940
31480
31668
31691
32651
32678
32707
32803
32870
32942
33209
33532
33823
34367
34497
34746
34817
34833
34948
35044
35107
35263
35554
35685
35991
36281
36397
36468
36768
36898
37402
37568
37584
37875
38033
38093
38156
38659
38762
39220
39490
39538
39571
39642
39693
40125
40272
40539
41080
41187
41188
41217
41241
41292
41355
42059
42439
42550
42585
42877
42906
42922
43350
43481
44134
44206
44329
44601
44644
44768
44943
45306
45728
45751
45911
46674
46690
46886
47002
47379
47466
47511
47571
47619
47706
47715
47730
47861
47896
47941
48144
48347
48486
48523
48653
48725
49138
49154
49429
49656
49680
50243
50550
50789
50876
50948
51086
51263
51369
51625
52038
52090
52230
52329
52396
52476
52695
52708
52898
52936
52978
53065
53110
53225
53604
53613
53859
54114
54148
54199
54244
54253
54594
54704
55001
55212
55976
55993
56223
56274
56573
57007
57568
57665
57808
57809
57817
57904
58246
58318
58334
58421
58683
58771
58819
59045
59176
59185
59328
59619
59627
60098
60186
60206
60442
60468
60506
60580
60599
60628
60871
60943
60986
61146
61188
61269
61313
61487
61516
61567
61621
61743
61807
61946
62092
62148
62228
62308
62341
62498
63125
63132
63715
63765
63773
64186
64194
64311
64390
64929
64936
64961
64995
65270
65294
65306
65307
65402
65541
65875
66093
66157
66245
66376
66384
66683
67360
68196
68830
69586
69649
69796
70033
70092
70578
71175
71176
71475
71563
71985
72726
72980
72996
73139
73219
74500
74740
75033
75070
75460
75470
75510
75517
76081
76946
77519
77730
77973
78044
78749
79637
79776
79864
80072
80128
80179
80857
81294
81577
82924
83011
83601
84129
85586
85789
86896
87055
87426
87717
87952
88197
88664
89915
90756
90983
91556
91855
92655
92807
