61516
25452
78749
25953
10032
62092
54114
27618
10866
11018
72726
53110
56274
77519
18075
13901
44601
69796
12036
42922
27983
90756
16548
15069
64311
11308
10696
23579
11850
23931
20482
34746
50876
64186
55976
65294
32803
16678
70092
34833
11481
52936
32942
54594
69649
50243
66376
48486
27684
39571
11397
51625
14541
39490
17743
61487
18649
24272
42439
60628
52708
75510
24205
13688
32870
44768
22103
28118
31480
10501
47730
21776
48347
25590
11368
53604
11144
46886
21207
10138
11369
63765
23536
11154
63125
60468
45751
70033
48144
10932
65875
23819
30681
47511
87055
11775
68830
22517
61807
11752
