92431
87498
92451
87232
21049
89424
90245
75505
87512
84243
91522
87160
83906
13616
81165
85724
17369
13343
89607
21306
90824
11752
49817
87109
20739
14149
78044
93190
78693
80776
91201
87817
13121
10382
44185
10974
77979
90125
19867
86076
87149
85160
79255
85011
58473
87382
21894
75714
77617
76656
19692
79159
89141
76744
87189
12088
14449
89888
77685
19850
89452
62607
90065
51596
18936
92216
89866
63088
11473
89420
79666
87319
13874
78753
10012
91190
89810
86433
15084
85067
92582
12696
79254
22087
81849
86858
89904
75563
80037
91067
20954
81280
75444
89939
86302
90542
75854
93138
15351
21302
